# id	left	top	right	bottom	texture_id
[SPRITES]
#####  BIG ###############
#IDLE
#11121	246	154	259	181	0
#11111	186	154	199	181	0
11121	781	93	794	120	60
11111	249	93	262	120	60

#WALKING RIGHT
#11222	275	154	290	181	0
#11223	304	154	321	181	0
11222	762	93	777	120	60
11223	743	93	758	118	60

#WALKING LEFT
#11212	155	154	170	181	0
#11213	125	154	140	181	0
11212	267	93	282	120	60
11213	285	93	300	118	60

#RUNNING RIGHT
#11321	334	154	355	181	0
#11322	334	154	355	181	0
#11323	392	154	413	181	0
11321	934	93	953	118	60
11322	908	93	926	118	60
11323	882	93	901	118	60

#RUNNING LEFT
#11311	91	154	112	181	0
#11312	65	154	86	181	0
#11313	34	154	55	181	0
11311	91	93	110	120	60
11312	117	93	136	120	60
11313	143	93	162	118	60

#JUMP WALK RIGHT & LEFT
#11417	395	275	412	302	0
#11413	35	275	52	302	0
11417	955	93	970	118	60
11413	73	93	88	118	60

#JUMP RUN RIGHT & LEFT
#11427	394	195	413	222	0
#11423	35	195	52	222	0
11427	856	93	875	118	60
11423	169	93	187	118	60

#SIT RIGHT & LEFT 
#11521	426	239	441	256	0
#11511	5	239	20	256	0
11521	975	102	988	119	60
11511	55	102	68	119	60

#BRACE RIGHT & LEFT 
#11621	425	154	442	181	0
#11611	5	154	22	181	0
11621	833	92	848	119	60
11611	195	92	210	119	60

#DIE
#13001	215	120	234	137	0
13001	307	16	322	33	60

############ SMALL ################
 #IDLE
#12121	247	0	260	15	0
#12111	187	0	200	15	0
12121	1029	17	1040	32	60
12111	3	17	14	32	60

#WALK RIGHT
#12222	275	0	292	15	0
#12223	306	0	321	15	0
12222	955	16	970	31	60
12223	1009	16	1024	31	60

#WALK LEFT
#12212	155	0	170	15	0
#12213	125	0	140	15	0
12212	73	16	88	31	60
12213	20	16	35	31	60

#RUN RIGHT
#12321	275	0	290	15	0
#12322	306	0	321	15	0
#12323	335	0	350	15	0
12321	955	16	970	31	60
12322	1009	16	1024	31	60
12323	973	16	988	31	60

#RUN LEFT
#12311	155	0	170	15	0
#12312	125	0	140	15	0
#12313	95	0	110	15	0
12311	73	16	88	31	60
12312	20	16	35	31	60
12313	55	16	70	32	60

#BRACE RIGHT & LEFT
#12511	6	0	19	15	0
#12521	426	0	439	15	0
12511	110	16	123	31	60
12521	920	16	933	31	60

#JUMP WALK RIGHT & LEFT 
#12413	35	80	50	95	0
#12417	395	80	410	95	0
12413	37	16	52	31	60
12417	991	16	1006	31	60

#JUMP RUN RIGHT & LEFT 
#12423	65	40	80	55	0
#12427	365	40	380	55	0
12423	91	16	106	31	60
12427	937	16	952	31	60

# ani_id	sprite1_id	time1	sprite2_id	time2	...
[ANIMATIONS]
400	11121	100
401	11111	100

#WALKING RIGHT & LEFT 
500	11121	100	11222	100	11223	100
501	11111	100	11212	100	11213	100

#RUNNING RIGHT & LEFT
600	11321	50	11322	50	11323	50
601	11311	50	11312	50	11313	50

#JUMP WALK
700	11417	100
701	11413	100

#JUMP RUN
800	11427	100
801	11423	100

#SIT RIGHT & LEFT 
900	11521	100
901	11511	100

#BRACE RIGHT & LEFT 
1000	11621	100
1001	11611	100

#DIE
999	13001	100

################### SMALL #################
1100	12121	100
1102	12111	100


#WALK LEFT & RIGHT 
1200	12121	100	12222	100	12223	100
1201	12111	100	12212	100	12213	100

#RUN LEFT & RIGHT
1300	12321	100	12322	100	12323	100
1301	12311	100	12312	100	12313	100

#BRACE LEFT & RIGHT
1401	12511	100
1400	12521	100

#JUMP WALK
1500	12417	100
1501	12413	100

#JUMP RUN 
1601	12423	100
1600	12427	100