# id	left	top	right	bottom	texture_id
[SPRITES]
# BIG SHOOT RED
#	LEFT UP
121101	456	208	471	239	50
121102	472	208	487	239	50
#	LEFT DOWN
121201	424	208	439	239	50
121202	440	208	455	239	50
#	RIGHT UP
121301	425	240	440	271	50
121302	441	240	456	271	50
#	RIGHT DOWN
121401	473	240	488	271	50
121402	457	240	472	271	50

# BIG SHOOT GREEN
#	LEFT UP
122101	64	144	79	175	50
122102	80	144	95	175	50
#	LEFT DOWN
122201	32	144	47	175	50
122202	48	144	63	175	50
#	RIGHT UP
122301	144	144	159	175	50
122302	128	144	143	175	50
#	RIGHT DOWN
122401	176	144	191	175	50
122402	160	144	175	175	50

# BIG BITE GREEN
123001	0	144	15	175	50
123002	16	144	31	175	50

# ani_id	sprite1_id	time1	sprite2_id	time2	...
[ANIMATIONS]
121100	121101	100	121102	100
121300	121301	100	121302	100

122100	122101	100	122102	100
122300	122301	100	122302	100

123000	123001	100	123002	100